epsilon = 0.142803940282016
gamma = 0.7802469542483405

DQN_win: 149
Minimax_win: 82
Draw: 19