epsilon : 0.2790420885850588
gamma: 0.7735170943966826
step update model: 127