epsilon : 0.6883073535317568
gamma: 0.9219094188999316
step update model: 30