epsilon : 0.6988945812493275
gamma: 0.8339186846473542
step update model: 51