epsilon : 0.7038213305632703
gamma: 0.838109230801361
step update model: 50