epsilon : 0.6746441088406667
gamma: 0.9182273089941296
step update model: 34